1971    -1.90  -1.74  -1.68  -1.59  -1.55  -1.55  -2.20  -0.15   0.21  -0.22  -1.25  -1.87
1972    -1.99  -1.83  -2.09  -1.65  -1.57  -1.87  -0.83   0.25   0.17   0.11   0.57  -0.33
1973    -0.46  -0.61  -0.50  -0.69  -0.76  -0.97  -0.57  -1.14  -0.51  -0.87  -1.81  -0.76
1974    -1.22  -1.65  -0.90  -0.52  -0.28  -0.31  -0.08   0.27   0.44  -0.10   0.43  -0.12
1975    -0.84  -0.71  -0.51  -1.30  -1.02  -1.16  -0.40  -1.07  -1.23  -1.29  -2.08  -1.61
1976    -1.14  -1.85  -0.96  -0.89  -0.68  -0.67   0.61   1.28   0.82   1.11   1.25   1.22
1977     1.65   1.11   0.72   0.30   0.31   0.42   0.19   0.64  -0.55  -0.61  -0.72  -0.69
1978     0.34   1.45   1.34   1.29   0.90   0.15  -1.24  -0.56  -0.44   0.10  -0.07  -0.43
1979    -0.58  -1.33   0.30   0.89   1.09   0.17   0.84   0.52   1.00   1.06   0.48  -0.42
1980    -0.11   1.32   1.09   1.49   1.20  -0.22   0.23   0.51   0.10   1.35   0.37  -0.10
1981     0.59   1.46   0.99   1.45   1.75   1.69   0.84   0.18   0.42   0.18   0.80   0.67
1982     0.34   0.20   0.19  -0.19  -0.58  -0.78   0.58   0.39   0.84   0.37  -0.25   0.26
1983     0.56   1.14   2.11   1.87   1.80   2.36   3.51   1.85   0.91   0.96   1.02   1.69
1984     1.50   1.21   1.77   1.52   1.30   0.18  -0.18  -0.03   0.67   0.58   0.71   0.82
1985     1.27   0.94   0.57   0.19   0.00   0.18   1.07   0.81   0.44   0.29  -0.75   0.38
1986     1.12   1.61   2.18   1.55   1.16   0.89   1.38   0.22   0.22   1.00   1.77   1.77
1987     1.88   1.75   2.10   2.16   1.85   0.73   2.01   2.83   2.44   1.36   1.47   1.27
1988     0.93   1.24   1.42   0.94   1.20   0.74   0.64   0.19  -0.37  -0.10  -0.02  -0.43
1989    -0.95  -1.02  -0.83  -0.32   0.47   0.36   0.83   0.09   0.05  -0.12  -0.50  -0.21
1990    -0.30  -0.65  -0.62   0.27   0.44   0.44   0.27   0.11   0.38  -0.69  -1.69  -2.23